0 WPS 1.050000 -0.025000 3 1 2 3 0.388104 0.246222 0.201557 
1 1 1.425000 -0.125000 4 0 8 3 110 0.388104 0.400780 0.200000 0.200000 
2 2 0.825000 -0.125000 3 0 113 3 0.246222 0.275000 0.400001 
3 3 1.225000 -0.125000 4 0 2 1 110 0.201557 0.400001 0.200000 0.400000 
4 WP01 2.075000 0.050000 7 5 6 7 8 9 10 26 0.403113 0.364006 0.305164 0.320156 0.206155 0.250000 0.400001 
5 5 2.425000 -0.150000 7 4 11 16 10 7 9 26 0.403113 0.425735 0.285043 0.200000 0.388104 0.400000 0.206155 
6 6 2.175000 0.400001 5 4 26 7 119 116 0.364006 0.460978 0.230489 0.460977 0.230488 
7 7 2.325000 0.225000 8 4 23 9 10 5 26 116 6 0.305164 0.437321 0.480234 0.388104 0.388104 0.230489 0.460976 0.230489 
8 8 1.825000 -0.150000 5 4 1 9 110 10 0.320156 0.400780 0.200001 0.201556 0.400001 
9 9 2.025001 -0.150000 6 4 8 110 7 10 5 0.206155 0.200001 0.400781 0.480234 0.200000 0.400000 
10 10 2.225000 -0.150000 6 4 9 8 7 26 5 0.250000 0.200000 0.400001 0.388104 0.320156 0.200000 
11 WP02 2.750000 -0.425000 7 12 13 5 14 15 16 24 0.442294 0.348210 0.425735 0.305164 0.257391 0.206156 0.515389 
12 12 3.075000 -0.724999 5 11 17 18 109 15 0.442294 0.247487 0.223608 0.436607 0.201555 
13 13 2.875000 -0.099999 6 11 22 16 26 25 24 0.348210 0.403888 0.215058 0.427200 0.425000 0.213600 
14 CB01 2.575000 -0.675000 2 11 15 0.305164 0.419077 
15 15 2.975000 -0.550000 6 11 17 18 12 14 16 0.257391 0.275000 0.425000 0.201555 0.419077 0.425736 
16 16 2.700000 -0.224999 6 11 15 24 26 5 13 0.206156 0.425736 0.425000 0.355316 0.285043 0.215058 
17 WS01 3.250000 -0.550000 3 18 15 12 0.382426 0.275000 0.247487 
18 18 3.175000 -0.925000 5 17 109 15 108 12 0.382426 0.213600 0.425000 0.436606 0.223608 
19 WP04 4.150001 -1.550000 3 20 21 196 0.378319 0.325959 0.230489 
20 20 3.775001 -1.599999 6 19 105 104 106 107 196 0.378319 0.425736 0.302077 0.213601 0.340037 0.000000 
21 WS02 4.425000 -1.724999 1 19 0.325959 
22 WP03 3.025001 0.275001 5 13 23 24 25 114 0.403888 0.369121 0.304138 0.285044 0.406970 
23 PP01 2.700000 0.450000 3 22 26 7 0.369121 0.458938 0.437321 
24 24 3.075000 -0.025000 6 22 16 13 11 114 25 0.304138 0.425000 0.213600 0.515389 0.416083 0.215058 
25 25 3.250000 0.100000 5 22 13 24 115 114 0.285044 0.425000 0.215058 0.403887 0.201556 
26 26 2.475000 0.050000 8 23 16 10 5 13 4 6 7 0.458938 0.355316 0.320156 0.206155 0.427200 0.400001 0.460978 0.230489 
27 WS03 4.425000 0.300000 1 28 0.336341 
28 28 4.175000 0.525001 6 27 29 118 117 32 30 0.336341 0.413824 0.416083 0.215058 0.206155 0.412310 
29 WP05 4.000000 0.900001 4 28 30 31 32 0.413824 0.276135 0.336340 0.285044 
30 30 4.275001 0.925000 5 29 32 28 31 35 0.276135 0.206155 0.412310 0.201556 0.412310 
31 31 4.250000 1.125000 6 29 33 30 32 35 34 0.336340 0.371652 0.201556 0.400780 0.213600 0.427201 
32 32 4.225000 0.725000 5 29 117 28 30 31 0.285044 0.395285 0.206155 0.206155 0.400780 
33 WS04 4.500000 1.400001 3 34 35 31 0.419076 0.333542 0.371652 
34 34 4.100000 1.525001 4 33 36 35 31 0.419076 0.375832 0.213601 0.427201 
35 35 4.175000 1.325000 4 33 31 30 34 0.333542 0.213600 0.412310 0.213601 
36 WP07 4.075000 1.900001 4 37 34 38 39 0.403888 0.375832 0.230488 0.201556 
37 37 4.225000 2.275001 5 36 38 39 127 130 0.403888 0.496236 0.206156 0.201556 0.406970 
38 38 3.850000 1.950000 5 36 120 37 39 121 0.230488 0.403113 0.496236 0.348210 0.206155 
39 39 4.175000 2.075000 4 36 38 37 127 0.201556 0.348210 0.206156 0.406971 
40 SH01 5.150001 2.800000 1 41 0.390513 
41 41 4.850000 3.050000 4 40 134 135 136 0.390513 0.304138 0.215058 0.425735 
42 WP08 4.250000 4.425000 5 43 44 45 46 47 0.381608 0.406970 0.279508 0.223606 0.215058 
43 43 4.575000 4.625000 4 42 47 91 93 0.381608 0.201556 0.201557 0.400781 
44 44 3.975000 4.725000 7 42 48 47 46 49 50 174 0.406970 0.300000 0.419076 0.201557 0.430117 0.215058 0.000000 
45 45 4.300000 4.150001 3 42 143 139 0.279508 0.201557 0.403113 
46 46 4.150001 4.625000 5 42 48 47 50 44 0.223606 0.436607 0.226384 0.416083 0.201557 
47 47 4.375000 4.600000 5 42 44 46 43 91 0.215058 0.419076 0.226384 0.201556 0.403113 
48 WP09 3.975000 5.025001 5 46 49 44 50 197 0.436607 0.353554 0.300000 0.247488 0.000000 
49 49 3.625000 4.975000 5 48 44 50 60 150 0.353554 0.430117 0.215058 0.382426 0.201556 
50 50 3.800000 4.850000 6 48 46 44 150 49 174 0.247488 0.416083 0.215058 0.416083 0.215058 0.000000 
51 WS06 3.650001 5.675000 2 52 199 0.375000 0.000000 
52 52 3.275001 5.675000 6 51 56 61 154 155 194 0.375000 0.430117 0.250000 0.206156 0.320157 0.000000 
53 WS07 2.400001 5.750000 2 54 55 0.427200 0.213600 
54 54 2.250000 5.350000 8 53 62 57 148 152 63 55 188 0.427200 0.395284 0.530330 0.313250 0.213600 0.325000 0.213600 0.000000 
55 55 2.325000 5.550000 6 53 63 54 152 62 189 0.213600 0.496236 0.213600 0.427200 0.400780 0.000000 
56 WP10 3.025001 5.325000 9 57 58 52 59 60 61 154 186 194 0.531507 0.436606 0.430117 0.325960 0.355316 0.206156 0.403113 0.000000 0.201558 
57 57 2.625000 4.975000 7 56 146 147 58 54 148 190 0.531507 0.378319 0.213600 0.230489 0.530330 0.246221 0.000000 
58 58 2.850000 4.925000 6 56 146 147 57 59 60 0.436606 0.425735 0.212132 0.230489 0.213600 0.419076 
59 59 3.050000 5.000000 5 56 147 58 60 150 0.325960 0.416083 0.213600 0.206155 0.406970 
60 60 3.250000 5.050000 6 56 49 59 58 150 175 0.355316 0.382426 0.206155 0.419076 0.201556 0.000000 
61 61 3.075000 5.525001 5 56 154 52 155 194 0.206156 0.200000 0.250000 0.400000 0.000000 
62 WS10 1.925000 5.575000 4 54 63 64 55 0.395284 0.350891 0.347311 0.400780 
63 63 1.950000 5.225000 5 62 152 55 54 64 0.350891 0.237171 0.496236 0.325000 0.206155 
64 64 1.750000 5.275001 3 62 63 153 0.347311 0.206155 0.301040 
65 SH02 1.775001 4.425000 2 66 67 0.445112 0.247487 
66 66 2.125000 4.150001 8 65 68 144 69 145 67 70 157 0.445112 0.235849 0.410030 0.212132 0.424264 0.201556 0.212132 0.000000 
67 67 1.950000 4.250000 7 65 68 144 69 66 70 182 0.247487 0.437321 0.380788 0.251247 0.201556 0.328824 0.000000 
68 WP11 2.325000 4.025001 4 67 69 70 66 0.437321 0.350891 0.279508 0.235849 
69 69 1.975000 4.000000 6 68 142 144 70 67 66 0.350891 0.413824 0.201556 0.424264 0.251247 0.212132 
70 70 2.275001 4.300000 6 68 69 66 67 146 145 0.279508 0.424264 0.212132 0.328824 0.424264 0.212132 
71 WS08 2.775001 2.825000 1 165 0.000000 
72 WS05 2.825000 3.275001 1 162 0.000000 
73 WS09 1.275001 3.000000 4 74 75 76 138 0.406970 0.201556 0.201556 0.400001 
74 74 0.975000 2.725000 6 73 79 126 128 131 76 0.406970 0.395285 0.200000 0.223607 0.412311 0.215058 
75 75 1.250000 3.200000 4 73 76 138 141 0.201556 0.335409 0.201557 0.400781 
76 76 1.100000 2.900001 5 73 126 128 74 75 0.201556 0.395285 0.425735 0.215058 0.335409 
77 WP12 1.375000 2.025001 4 78 79 80 81 0.382426 0.425734 0.201556 0.212132 
78 78 1.300000 1.650001 4 77 89 86 80 0.382426 0.200001 0.403113 0.445112 
79 79 1.100000 2.350000 5 77 81 74 128 126 0.425734 0.215058 0.395285 0.425734 0.215058 
80 80 1.575000 2.000000 4 77 78 81 122 0.201556 0.445112 0.391311 0.275001 
81 81 1.225000 2.175000 4 77 80 126 79 0.212132 0.391311 0.430117 0.215058 
82 WP06 2.650001 2.025001 4 83 84 85 124 0.400781 0.201556 0.201557 0.400780 
83 83 2.250000 2.000000 4 82 123 122 85 0.400781 0.200000 0.400000 0.200000 
84 84 2.850000 2.000000 4 82 85 124 125 0.201556 0.400001 0.200000 0.400000 
85 85 2.450000 2.000000 4 82 83 123 84 0.201557 0.200000 0.400000 0.400001 
86 WS11 1.350000 1.250000 4 87 88 89 78 0.459619 0.279508 0.206155 0.403113 
87 87 1.675000 0.925000 4 86 116 119 88 0.459619 0.494975 0.265754 0.279508 
88 88 1.400001 0.975000 2 86 87 0.279508 0.279508 
89 89 1.300000 1.450000 2 86 78 0.206155 0.200001 
90 WPE 5.175000 4.675000 4 91 92 93 94 0.400780 0.416083 0.201556 0.201557 
91 91 4.775001 4.650001 4 90 43 47 93 0.400780 0.201557 0.403113 0.200000 
92 92 5.525001 4.900001 4 90 94 151 149 0.416083 0.215058 0.425734 0.212132 
93 93 4.975000 4.650001 4 90 91 43 94 0.201556 0.200000 0.400781 0.395285 
94 94 5.350000 4.775001 4 90 93 149 92 0.201557 0.395285 0.425734 0.215058 
95 95 2.075000 -2.850000 2 96 97 0.424264 0.212133 
96 96 2.375000 -2.550000 4 95 97 99 98 0.424264 0.212132 0.425734 0.212132 
97 97 2.225000 -2.700000 3 95 98 96 0.212133 0.424264 0.212132 
98 98 2.525001 -2.400000 4 97 96 100 99 0.424264 0.212132 0.425000 0.215058 
99 99 2.700000 -2.275000 4 96 98 100 103 0.425734 0.215058 0.213601 0.427201 
100 100 2.900001 -2.200000 4 98 99 102 103 0.425000 0.213601 0.425000 0.213600 
101 101 3.775001 -2.050000 4 106 105 104 195 0.425000 0.369121 0.215058 0.230488 
102 102 3.275001 -2.000000 5 100 103 104 106 105 0.425000 0.215058 0.395285 0.442294 0.215058 
103 103 3.100000 -2.125000 4 100 99 105 102 0.213600 0.427201 0.430116 0.215058 
104 104 3.650001 -1.875000 6 101 102 105 107 20 106 0.215058 0.395285 0.200001 0.425000 0.302077 0.213600 
105 105 3.450000 -1.875000 7 103 101 102 107 20 104 106 0.430116 0.369121 0.215058 0.375000 0.425736 0.200001 0.235849 
106 106 3.575000 -1.675000 7 101 102 105 104 108 20 107 0.425000 0.442294 0.235849 0.213600 0.416083 0.213601 0.215058 
107 107 3.450000 -1.500000 6 105 104 106 109 20 108 0.375000 0.425000 0.215058 0.425000 0.340037 0.201556 
108 108 3.350000 -1.325000 4 106 107 109 18 0.416083 0.201556 0.223607 0.436606 
109 109 3.250000 -1.125000 4 107 108 18 12 0.425000 0.223607 0.213600 0.436607 
110 110 1.625000 -0.125000 4 8 9 1 3 0.201556 0.400781 0.200000 0.400000 
111 111 0.150001 -0.125000 2 112 113 0.200000 0.400000 
112 112 0.350000 -0.125000 2 111 113 0.200000 0.200000 
113 113 0.550000 -0.125000 3 112 111 2 0.200000 0.400000 0.275000 
114 114 3.425000 0.200000 5 24 25 22 115 118 0.416083 0.201556 0.406970 0.206155 0.412310 
115 115 3.625000 0.250000 4 25 114 117 118 0.403887 0.206155 0.403888 0.206155 
116 116 2.025001 0.575000 4 7 6 87 119 0.460976 0.230488 0.494975 0.230489 
117 117 4.000000 0.400001 4 115 118 32 28 0.403888 0.201557 0.395285 0.215058 
118 118 3.825000 0.300000 4 115 114 28 117 0.206155 0.412310 0.416083 0.201557 
119 119 1.875000 0.750000 3 6 116 87 0.460977 0.230489 0.265754 
120 120 3.450000 2.000000 4 38 125 124 121 0.403113 0.200000 0.400000 0.200001 
121 121 3.650001 2.000000 3 38 120 125 0.206155 0.200001 0.400001 
122 122 1.850000 2.000000 3 80 123 83 0.275001 0.200000 0.400000 
123 123 2.050000 2.000000 3 122 83 85 0.200000 0.200000 0.400000 
124 124 3.050000 2.000000 4 84 82 125 120 0.200000 0.400780 0.200000 0.400000 
125 125 3.250000 2.000000 4 124 84 120 121 0.200000 0.400000 0.200000 0.400001 
126 126 0.975000 2.525001 6 81 79 131 76 74 128 0.430117 0.215058 0.412311 0.395285 0.200000 0.223606 
127 127 4.250000 2.475000 4 37 39 129 130 0.201556 0.406971 0.403888 0.206155 
128 128 0.775001 2.625000 5 79 126 131 76 74 0.425734 0.223606 0.200001 0.425735 0.223607 
129 129 4.400001 2.850000 4 127 130 135 134 0.403888 0.201557 0.425734 0.212132 
130 130 4.300000 2.675000 4 127 37 134 129 0.206155 0.406970 0.410030 0.201557 
131 131 0.575000 2.625000 4 126 128 133 74 0.412311 0.200001 0.226384 0.412311 
132 132 0.150001 2.625000 1 133 0.201556 
133 133 0.350000 2.650001 2 132 131 0.201556 0.226384 
134 134 4.550000 3.000000 5 130 129 136 41 135 0.410030 0.212132 0.375832 0.304138 0.215058 
135 135 4.675000 3.175000 5 129 134 137 136 41 0.425734 0.215058 0.437322 0.223607 0.215058 
136 136 4.575000 3.375000 5 134 135 139 41 137 0.375832 0.223607 0.437321 0.425735 0.215058 
137 137 4.450000 3.550000 4 135 136 139 143 0.437322 0.215058 0.223606 0.419076 
138 138 1.275001 3.400001 4 75 73 140 141 0.201557 0.400001 0.395285 0.200000 
139 139 4.350000 3.750000 4 136 137 143 45 0.437321 0.223606 0.201556 0.403113 
140 140 1.400001 3.775001 4 138 141 142 144 0.395285 0.215058 0.206155 0.419076 
141 141 1.275001 3.600000 4 138 75 142 140 0.200000 0.400781 0.395284 0.215058 
142 142 1.600000 3.825000 4 141 140 69 144 0.395284 0.206155 0.413824 0.213600 
143 143 4.325000 3.950000 3 139 137 45 0.201556 0.419076 0.201557 
144 144 1.800000 3.900001 5 142 140 67 66 69 0.213600 0.419076 0.380788 0.410030 0.201556 
145 145 2.425000 4.450000 5 66 70 147 146 181 0.424264 0.212132 0.425735 0.212132 0.000000 
146 146 2.575000 4.600000 7 70 145 57 58 147 166 184 0.424264 0.212132 0.378319 0.425735 0.215058 0.000000 0.226385 
147 147 2.700000 4.775001 6 145 146 59 148 57 58 0.425735 0.215058 0.416083 0.424263 0.213600 0.212132 
148 148 2.400001 5.075000 5 147 57 54 152 185 0.424263 0.246221 0.313250 0.237171 0.000000 
149 149 5.675000 5.050000 3 94 92 151 0.425734 0.212132 0.215058 
150 150 3.450000 5.075000 5 50 49 60 59 193 0.416083 0.201556 0.201556 0.406970 0.000000 
151 151 5.850000 5.175000 2 92 149 0.425734 0.215058 
152 152 2.175000 5.150001 5 148 54 63 55 176 0.237171 0.213600 0.237171 0.427200 0.000000 
153 153 1.450000 5.300000 1 64 0.301040 
154 154 3.075000 5.725000 6 61 56 52 155 156 192 0.200000 0.403113 0.206156 0.200000 0.400780 0.000000 
155 155 3.075000 5.925000 4 154 61 52 156 0.200000 0.400000 0.320157 0.201556 
156 156 3.100000 6.125000 2 155 154 0.201556 0.400780 
157 157 2.400001 4.200000 2 66 158 0.279509 0.201555 
158 158 2.575000 4.100000 2 157 159 0.201555 0.230489 
159 159 2.725000 3.925000 2 158 160 0.230489 0.180277 
160 160 2.825000 3.775001 3 159 161 168 0.180277 0.175000 0.000000 
161 161 2.825000 3.600000 2 160 162 0.175000 0.175000 
162 162 2.825000 3.425000 3 161 72 163 0.175000 0.149999 0.176777 
163 163 2.800000 3.250000 2 162 164 0.176777 0.150000 
164 164 2.800000 3.100000 2 163 165 0.150000 0.152070 
165 165 2.775001 2.950000 2 164 71 0.152070 0.125000 
166 166 2.800000 4.575000 2 146 167 0.226385 0.230489 
167 167 3.025001 4.525001 3 166 170 171 0.230489 0.201557 0.230488 
168 168 2.925000 3.950000 2 160 169 0.201555 0.158114 
169 169 2.975000 4.100000 2 168 170 0.158114 0.226384 
170 170 3.000000 4.325000 2 169 167 0.226384 0.201557 
171 171 3.175000 4.700000 3 167 172 175 0.230488 0.201556 0.201557 
172 172 3.375000 4.725000 2 171 173 0.201556 0.176777 
173 173 3.550000 4.700000 2 172 174 0.176777 0.176777 
174 174 3.725000 4.725000 3 173 50 44 0.176777 0.145773 0.250000 
175 175 3.275001 4.875000 2 171 60 0.201557 0.176777 
176 176 2.150001 4.975000 3 152 177 184 0.176777 0.150001 0.305164 
177 177 2.150001 4.825000 2 176 178 0.150001 0.125000 
178 178 2.150001 4.700000 2 177 179 0.125000 0.125000 
179 179 2.150001 4.575000 2 178 180 0.125000 0.103077 
180 180 2.175000 4.475000 3 179 181 182 0.103077 0.127475 0.125000 
181 181 2.300000 4.500000 4 180 145 182 183 0.127475 0.134629 0.235849 0.167706 
182 182 2.100000 4.375000 3 181 67 180 0.235849 0.195256 0.125000 
183 183 2.375000 4.650001 2 181 184 0.167706 0.152069 
184 184 2.400001 4.800000 4 183 185 176 146 0.152069 0.152069 0.305164 0.265754 
185 185 2.375000 4.950000 2 184 148 0.152069 0.127476 
186 186 2.825000 5.350000 2 56 187 0.201558 0.226384 
187 187 2.600000 5.375000 4 186 188 189 190 0.226384 0.176777 0.180278 0.152069 
188 188 2.425000 5.400001 2 187 54 0.176777 0.182003 
189 189 2.500000 5.525001 3 187 55 191 0.180278 0.176777 0.201556 
190 190 2.625000 5.225000 2 187 57 0.152069 0.250000 
191 191 2.700000 5.550000 2 189 192 0.201556 0.190394 
192 192 2.875000 5.625000 2 191 154 0.190394 0.223607 
193 193 3.400001 5.250000 2 150 194 0.182003 0.160078 
194 194 3.300000 5.375000 4 193 56 61 52 0.160078 0.279508 0.270417 0.301040 
195 195 3.850000 -1.875000 2 101 196 0.190394 0.176777 
196 196 3.975000 -1.750000 3 195 20 19 0.176777 0.250000 0.265754 
197 197 3.900001 5.175000 2 48 198 0.167704 0.158114 
198 198 3.850000 5.325000 2 197 199 0.158114 0.190394 
199 199 3.775001 5.500000 2 198 51 0.190394 0.215058 
