0 WS01 1.925000 -1.250000 2 1 2 0.825379 0.430117 
1 1 1.250000 -0.775000 4 0 50 51 2 0.825379 0.427931 0.406970 0.395285 
2 2 1.575000 -1.000000 3 0 1 51 0.430117 0.395285 0.797261 
3 WS02 1.350000 2.800000 3 4 5 6 0.711513 0.831039 0.539676 
4 4 0.675000 2.575000 4 3 68 67 6 0.711513 0.391311 0.650000 0.380789 
5 CB01 0.775001 3.400001 4 3 7 6 8 0.831039 0.763216 0.477625 0.388908 
6 6 0.825000 2.925000 3 3 5 4 0.539676 0.477625 0.380789 
7 7 1.175000 4.050000 3 5 8 77 0.763216 0.395285 0.375832 
8 8 1.050000 3.675000 2 5 7 0.388908 0.395285 
9 WP01 0.450000 5.650001 2 10 11 0.660020 0.374999 
10 10 0.725000 5.050000 4 9 82 83 84 0.660020 0.604669 0.378319 0.649999 
11 11 0.450000 6.025000 2 9 97 0.374999 0.375832 
12 WP02 3.800000 5.125000 6 13 14 15 16 17 18 0.760345 0.711513 0.555090 0.431567 0.400000 0.375000 
13 13 3.675000 4.375000 4 12 76 15 16 0.760345 0.380788 0.715017 0.381608 
14 14 4.025001 5.800000 3 12 18 96 0.711513 0.375000 0.375833 
15 15 4.250000 4.800000 4 12 13 16 86 0.555090 0.715017 0.388104 0.380789 
16 16 3.875000 4.700000 4 12 13 17 15 0.431567 0.381608 0.637377 0.388104 
17 17 3.400001 5.125000 3 12 16 89 0.400000 0.637377 0.467039 
18 18 4.025001 5.425000 3 12 86 14 0.375000 0.745822 0.375000 
19 WP03 3.825000 1.450000 4 20 21 22 23 0.771768 0.620987 0.425734 0.425735 
20 20 3.500000 2.150001 3 19 23 69 0.771768 0.378319 0.375000 
21 21 4.300000 1.050000 3 19 59 60 0.620987 0.378319 0.391312 
22 22 3.400001 1.425000 3 19 32 23 0.425734 0.388104 0.380789 
23 23 3.550000 1.775001 4 19 32 22 20 0.425735 0.691466 0.380789 0.378319 
24 WS03 5.000000 2.225000 1 25 0.625000 
25 25 5.000000 1.600000 4 24 60 62 63 0.625000 0.512957 0.375832 0.548293 
26 WP04 4.550000 -0.400000 3 27 28 29 0.728011 0.502494 0.381608 
27 27 4.350000 0.300000 3 26 29 59 0.728011 0.375000 0.375000 
28 28 4.600000 -0.900000 3 26 47 49 0.502494 0.761987 0.388909 
29 29 4.350000 -0.075000 2 26 27 0.381608 0.375000 
30 WP05 2.650001 1.325000 2 31 32 0.700447 0.375000 
31 31 1.950000 1.300000 2 30 61 0.700447 0.375000 
32 32 3.025001 1.325000 3 30 23 22 0.375000 0.691466 0.388104 
33 WP06 0.825000 1.125000 4 34 35 36 37 0.759111 0.500000 0.382426 0.391312 
34 34 0.600000 1.850000 4 33 37 67 68 0.759111 0.378319 0.707990 0.388104 
35 35 0.825000 0.625000 3 33 54 36 0.500000 0.375832 0.686476 
36 36 1.200000 1.200000 4 33 35 37 61 0.382426 0.686476 0.614918 0.388104 
37 37 0.650001 1.475000 3 33 36 34 0.391312 0.614918 0.378319 
38 38 0.300000 -2.975000 1 39 0.378319 
39 39 0.350000 -2.600000 2 38 42 0.378319 0.375832 
40 40 5.175000 -2.975000 1 41 0.375000 
41 41 5.175000 -2.600000 2 40 43 0.375000 0.375000 
42 42 0.375000 -2.225000 2 39 44 0.375832 0.375833 
43 43 5.175000 -2.225000 2 41 45 0.375000 0.375000 
44 44 0.400001 -1.849999 2 42 46 0.375833 0.375832 
45 45 5.175000 -1.849999 2 43 47 0.375000 0.382426 
46 46 0.425000 -1.474999 2 44 48 0.375832 0.380788 
47 47 5.100000 -1.474999 3 45 28 49 0.382426 0.761987 0.375000 
48 48 0.575000 -1.125000 2 46 50 0.380788 0.390513 
49 49 4.875000 -1.175000 2 47 28 0.375000 0.388909 
50 50 0.825000 -0.825000 3 48 1 51 0.390513 0.427931 0.380789 
51 51 0.975000 -0.474999 5 50 52 53 1 2 0.380789 0.726722 0.380788 0.406970 0.797261 
52 52 0.425000 0.000000 4 51 53 58 54 0.726722 0.419076 0.375000 0.450694 
53 53 0.825000 -0.125000 3 51 54 52 0.380788 0.375832 0.419076 
54 54 0.800000 0.250000 3 53 52 35 0.375832 0.450694 0.375832 
55 55 -1.075000 0.000000 1 56 0.375000 
56 56 -0.700000 0.000000 2 55 57 0.375000 0.375000 
57 57 -0.325000 0.000000 2 56 58 0.375000 0.375000 
58 58 0.050000 0.000000 2 57 52 0.375000 0.375000 
59 59 4.350000 0.675000 3 27 60 21 0.375000 0.626498 0.378319 
60 60 4.650001 1.225000 4 59 21 62 25 0.626498 0.391312 0.375000 0.512957 
61 61 1.575000 1.300000 2 36 31 0.388104 0.375000 
62 62 5.025001 1.225000 3 60 25 63 0.375000 0.375832 0.375000 
63 63 5.400001 1.225000 3 62 25 64 0.375000 0.548293 0.375000 
64 64 5.775001 1.225000 2 63 65 0.375000 0.374999 
65 65 6.150000 1.225000 2 64 66 0.374999 0.375000 
66 66 6.525000 1.225000 1 65 0.375000 
67 67 0.075000 2.325000 4 34 68 70 4 0.707990 0.436606 0.400780 0.650000 
68 68 0.500000 2.225000 3 34 67 4 0.388104 0.436606 0.391311 
69 69 3.500000 2.525001 2 20 73 0.375000 0.375000 
70 70 -0.325000 2.350000 2 67 72 0.400780 0.375000 
71 71 -1.075000 2.350000 1 72 0.375000 
72 72 -0.700000 2.350000 2 71 70 0.375000 0.375000 
73 73 3.500000 2.900001 2 69 74 0.375000 0.375000 
74 74 3.500000 3.275001 2 73 75 0.375000 0.375000 
75 75 3.500000 3.650001 2 74 76 0.375000 0.375832 
76 76 3.525001 4.025001 2 75 13 0.375832 0.380788 
77 77 1.200000 4.425000 4 7 83 84 85 0.375832 0.493076 0.395285 0.735272 
78 78 -1.075000 4.375000 1 79 0.375000 
79 79 -0.700000 4.375000 2 78 80 0.375000 0.375832 
80 80 -0.325000 4.400001 2 79 81 0.375832 0.375000 
81 81 0.050000 4.400001 2 80 82 0.375000 0.395285 
82 82 0.425000 4.525001 3 81 10 83 0.395285 0.604669 0.380789 
83 83 0.775001 4.675000 4 77 82 84 10 0.493076 0.380789 0.564025 0.378319 
84 84 1.325000 4.800000 4 77 83 10 85 0.395285 0.564025 0.649999 0.375000 
85 85 1.625000 5.025001 3 84 77 88 0.375000 0.735272 0.391312 
86 86 4.600000 4.950000 3 15 18 87 0.380789 0.745822 0.391311 
87 87 4.950000 5.125000 2 86 90 0.391311 0.388104 
88 88 1.975000 5.200000 2 85 91 0.391312 0.382427 
89 89 2.950000 5.250000 2 17 91 0.467039 0.600520 
90 90 5.325000 5.225000 2 87 92 0.388104 0.375000 
91 91 2.350000 5.275001 2 88 89 0.382427 0.600520 
92 92 5.700000 5.225000 2 90 93 0.375000 0.375001 
93 93 6.075001 5.225000 2 92 94 0.375001 0.375000 
94 94 6.450001 5.225000 2 93 95 0.375000 0.375000 
95 95 6.825001 5.225000 1 94 0.375000 
96 96 4.050000 6.175001 2 14 98 0.375833 0.375000 
97 97 0.425000 6.400000 2 11 99 0.375832 0.375000 
98 98 4.050000 6.550001 2 96 100 0.375000 0.375000 
99 99 0.425000 6.775000 2 97 101 0.375000 0.375832 
100 100 4.050000 6.925001 2 98 102 0.375000 0.375000 
101 101 0.400001 7.150000 1 99 0.375832 
102 102 4.050000 7.300001 1 100 0.375000 
