0 WPS 1.050000 -0.025000 3 1 2 3 0.388104 0.246222 0.201557 
1 1 1.425000 -0.125000 4 0 8 3 123 0.388104 0.400780 0.200000 0.200000 
2 2 0.825000 -0.125000 3 0 126 3 0.246222 0.275000 0.400001 
3 3 1.225000 -0.125000 4 0 2 1 123 0.201557 0.400001 0.200000 0.400000 
4 WP01 2.075000 0.050000 7 5 6 7 8 9 10 26 0.403113 0.364006 0.305164 0.320156 0.206155 0.250000 0.400001 
5 5 2.425000 -0.150000 7 4 11 16 10 7 9 26 0.403113 0.425735 0.285043 0.200000 0.388104 0.400000 0.206155 
6 6 2.175000 0.400001 5 4 26 7 132 129 0.364006 0.460978 0.230489 0.460977 0.230488 
7 7 2.325000 0.225000 8 4 23 9 10 5 26 129 6 0.305164 0.437321 0.480234 0.388104 0.388104 0.230489 0.460976 0.230489 
8 8 1.825000 -0.150000 5 4 1 9 123 10 0.320156 0.400780 0.200001 0.201556 0.400001 
9 9 2.025001 -0.150000 6 4 8 123 7 10 5 0.206155 0.200001 0.400781 0.480234 0.200000 0.400000 
10 10 2.225000 -0.150000 6 4 9 8 7 26 5 0.250000 0.200000 0.400001 0.388104 0.320156 0.200000 
11 WP02 2.750000 -0.425000 7 12 13 5 14 15 16 24 0.442294 0.348210 0.425735 0.305164 0.257391 0.206156 0.515389 
12 12 3.075000 -0.724999 5 11 17 18 122 15 0.442294 0.247487 0.223608 0.436607 0.201555 
13 13 2.875000 -0.099999 6 11 22 16 26 25 24 0.348210 0.403888 0.215058 0.427200 0.425000 0.213600 
14 CB01 2.575000 -0.675000 2 11 15 0.305164 0.419077 
15 15 2.975000 -0.550000 6 11 17 18 12 14 16 0.257391 0.275000 0.425000 0.201555 0.419077 0.425736 
16 16 2.700000 -0.224999 6 11 15 24 26 5 13 0.206156 0.425736 0.425000 0.355316 0.285043 0.215058 
17 WS01 3.250000 -0.550000 3 18 15 12 0.382426 0.275000 0.247487 
18 18 3.175000 -0.925000 5 17 122 15 121 12 0.382426 0.213600 0.425000 0.436606 0.223608 
19 WP04 4.150001 -1.550000 2 20 21 0.378319 0.325959 
20 20 3.775001 -1.599999 5 19 118 117 119 120 0.378319 0.425736 0.302077 0.213601 0.340037 
21 WS02 4.425000 -1.724999 1 19 0.325959 
22 WP03 3.025001 0.275001 5 13 23 24 25 127 0.403888 0.369121 0.304138 0.285044 0.406970 
23 PP01 2.700000 0.450000 3 22 26 7 0.369121 0.458938 0.437321 
24 24 3.075000 -0.025000 6 22 16 13 11 127 25 0.304138 0.425000 0.213600 0.515389 0.416083 0.215058 
25 25 3.250000 0.100000 5 22 13 24 128 127 0.285044 0.425000 0.215058 0.403887 0.201556 
26 26 2.475000 0.050000 8 23 16 10 5 13 4 6 7 0.458938 0.355316 0.320156 0.206155 0.427200 0.400001 0.460978 0.230489 
27 WS03 4.425000 0.300000 1 28 0.336341 
28 28 4.175000 0.525001 6 27 29 131 130 32 30 0.336341 0.413824 0.416083 0.215058 0.206155 0.412310 
29 WP05 4.000000 0.900001 4 28 30 31 32 0.413824 0.276135 0.336340 0.285044 
30 30 4.275001 0.925000 5 29 32 28 31 35 0.276135 0.206155 0.412310 0.201556 0.412310 
31 31 4.250000 1.125000 6 29 33 30 32 35 34 0.336340 0.371652 0.201556 0.400780 0.213600 0.427201 
32 32 4.225000 0.725000 5 29 130 28 30 31 0.285044 0.395285 0.206155 0.206155 0.400780 
33 WS04 4.500000 1.400001 3 34 35 31 0.419076 0.333542 0.371652 
34 34 4.100000 1.525001 4 33 36 35 31 0.419076 0.375832 0.213601 0.427201 
35 35 4.175000 1.325000 4 33 31 30 34 0.333542 0.213600 0.412310 0.213601 
36 WP07 4.075000 1.900001 4 37 34 38 39 0.403888 0.375832 0.230488 0.201556 
37 37 4.225000 2.275001 5 36 38 39 140 143 0.403888 0.496236 0.206156 0.201556 0.406970 
38 38 3.850000 1.950000 5 36 133 37 39 134 0.230488 0.403113 0.496236 0.348210 0.206155 
39 39 4.175000 2.075000 4 36 38 37 140 0.201556 0.348210 0.206156 0.406971 
40 SH01 5.150001 2.800000 1 41 0.390513 
41 41 4.850000 3.050000 4 40 147 148 149 0.390513 0.304138 0.215058 0.425735 
42 WP08 4.250000 4.425000 5 43 44 45 46 47 0.381608 0.406970 0.279508 0.223606 0.215058 
43 43 4.575000 4.625000 4 42 47 96 98 0.381608 0.201556 0.201557 0.400781 
44 44 3.975000 4.725000 6 42 48 47 46 49 50 0.406970 0.300000 0.419076 0.201557 0.430117 0.215058 
45 45 4.300000 4.150001 3 42 156 152 0.279508 0.201557 0.403113 
46 46 4.150001 4.625000 5 42 48 47 50 44 0.223606 0.436607 0.226384 0.416083 0.201557 
47 47 4.375000 4.600000 5 42 44 46 43 96 0.215058 0.419076 0.226384 0.201556 0.403113 
48 WP09 3.975000 5.025001 4 46 49 44 50 0.436607 0.353554 0.300000 0.247488 
49 49 3.625000 4.975000 5 48 44 50 60 163 0.353554 0.430117 0.215058 0.382426 0.201556 
50 50 3.800000 4.850000 5 48 46 44 163 49 0.247488 0.416083 0.215058 0.416083 0.215058 
51 WS06 3.650001 5.675000 1 52 0.375000 
52 52 3.275001 5.675000 5 51 56 61 167 168 0.375000 0.430117 0.250000 0.206156 0.320157 
53 WS07 2.400001 5.750000 2 54 55 0.427200 0.213600 
54 54 2.250000 5.350000 7 53 62 57 161 165 63 55 0.427200 0.395284 0.530330 0.313250 0.213600 0.325000 0.213600 
55 55 2.325000 5.550000 5 53 63 54 165 62 0.213600 0.496236 0.213600 0.427200 0.400780 
56 WP10 3.025001 5.325000 7 57 58 52 59 60 61 167 0.531507 0.436606 0.430117 0.325960 0.355316 0.206156 0.403113 
57 57 2.625000 4.975000 6 56 159 160 58 54 161 0.531507 0.378319 0.213600 0.230489 0.530330 0.246221 
58 58 2.850000 4.925000 6 56 159 160 57 59 60 0.436606 0.425735 0.212132 0.230489 0.213600 0.419076 
59 59 3.050000 5.000000 5 56 160 58 60 163 0.325960 0.416083 0.213600 0.206155 0.406970 
60 60 3.250000 5.050000 5 56 49 59 58 163 0.355316 0.382426 0.206155 0.419076 0.201556 
61 61 3.075000 5.525001 4 56 167 52 168 0.206156 0.200000 0.250000 0.400000 
62 WS10 1.925000 5.575000 4 54 63 64 55 0.395284 0.350891 0.347311 0.400780 
63 63 1.950000 5.225000 5 62 165 55 54 64 0.350891 0.237171 0.496236 0.325000 0.206155 
64 64 1.750000 5.275001 3 62 63 166 0.347311 0.206155 0.301040 
65 SH02 1.775001 4.425000 2 66 67 0.445112 0.247487 
66 66 2.125000 4.150001 8 65 68 157 70 72 158 67 71 0.445112 0.235849 0.410030 0.212132 0.410031 0.424264 0.201556 0.212132 
67 67 1.950000 4.250000 6 65 68 157 70 66 71 0.247487 0.437321 0.380788 0.251247 0.201556 0.328824 
68 WP11 2.325000 4.025001 6 69 67 70 71 72 66 0.427201 0.437321 0.350891 0.279508 0.206156 0.235849 
69 69 2.475000 3.625000 5 68 75 72 77 76 0.427201 0.494974 0.223607 0.427200 0.213600 
70 70 1.975000 4.000000 7 68 155 157 71 67 66 72 0.350891 0.413824 0.201556 0.424264 0.251247 0.212132 0.436606 
71 71 2.275001 4.300000 6 68 70 66 67 159 158 0.279508 0.424264 0.212132 0.328824 0.424264 0.212132 
72 72 2.375000 3.825000 5 68 66 76 70 69 0.206156 0.410031 0.436606 0.436606 0.223607 
73 WS08 2.775001 2.825000 2 74 77 0.213601 0.427201 
74 74 2.700000 3.025001 4 73 75 76 77 0.213601 0.279509 0.427200 0.213600 
75 WS05 2.825000 3.275001 4 69 76 74 77 0.494974 0.313249 0.279509 0.206155 
76 76 2.550000 3.425000 5 75 72 69 74 77 0.313249 0.436606 0.213600 0.427200 0.213600 
77 77 2.625000 3.225000 5 75 69 76 73 74 0.206155 0.427200 0.213600 0.427201 0.213600 
78 WS09 1.275001 3.000000 4 79 80 81 151 0.406970 0.201556 0.201556 0.400001 
79 79 0.975000 2.725000 6 78 84 139 141 144 81 0.406970 0.395285 0.200000 0.223607 0.412311 0.215058 
80 80 1.250000 3.200000 4 78 81 151 154 0.201556 0.335409 0.201557 0.400781 
81 81 1.100000 2.900001 5 78 139 141 79 80 0.201556 0.395285 0.425735 0.215058 0.335409 
82 WP12 1.375000 2.025001 4 83 84 85 86 0.382426 0.425734 0.201556 0.212132 
83 83 1.300000 1.650001 4 82 94 91 85 0.382426 0.200001 0.403113 0.445112 
84 84 1.100000 2.350000 5 82 86 79 141 139 0.425734 0.215058 0.395285 0.425734 0.215058 
85 85 1.575000 2.000000 4 82 83 86 135 0.201556 0.445112 0.391311 0.275001 
86 86 1.225000 2.175000 4 82 85 139 84 0.212132 0.391311 0.430117 0.215058 
87 WP06 2.650001 2.025001 4 88 89 90 137 0.400781 0.201556 0.201557 0.400780 
88 88 2.250000 2.000000 4 87 136 135 90 0.400781 0.200000 0.400000 0.200000 
89 89 2.850000 2.000000 4 87 90 137 138 0.201556 0.400001 0.200000 0.400000 
90 90 2.450000 2.000000 4 87 88 136 89 0.201557 0.200000 0.400000 0.400001 
91 WS11 1.350000 1.250000 4 92 93 94 83 0.459619 0.279508 0.206155 0.403113 
92 92 1.675000 0.925000 4 91 129 132 93 0.459619 0.494975 0.265754 0.279508 
93 93 1.400001 0.975000 2 91 92 0.279508 0.279508 
94 94 1.300000 1.450000 2 91 83 0.206155 0.200001 
95 WPE 5.175000 4.675000 4 96 97 98 99 0.400780 0.416083 0.201556 0.201557 
96 96 4.775001 4.650001 4 95 43 47 98 0.400780 0.201557 0.403113 0.200000 
97 97 5.525001 4.900001 4 95 99 164 162 0.416083 0.215058 0.425734 0.212132 
98 98 4.975000 4.650001 4 95 96 43 99 0.201556 0.200000 0.400781 0.395285 
99 99 5.350000 4.775001 4 95 98 162 97 0.201557 0.395285 0.425734 0.215058 
100 100 2.075000 -2.850000 2 101 102 0.424264 0.212133 
101 101 2.375000 -2.550000 4 100 102 104 103 0.424264 0.212132 0.425734 0.212132 
102 102 2.225000 -2.700000 3 100 103 101 0.212133 0.424264 0.212132 
103 103 2.525001 -2.400000 4 102 101 105 104 0.424264 0.212132 0.425000 0.215058 
104 104 2.700000 -2.275000 4 101 103 105 116 0.425734 0.215058 0.213601 0.427201 
105 105 2.900001 -2.200000 4 103 104 115 116 0.425000 0.213601 0.425000 0.213600 
106 106 4.500000 -2.400000 3 107 108 109 0.200000 0.226384 0.400001 
107 107 4.700000 -2.400000 3 106 109 110 0.200000 0.200001 0.400781 
108 108 4.275001 -2.375000 3 106 111 113 0.226384 0.200001 0.391312 
109 109 4.900001 -2.400000 4 107 106 110 114 0.200001 0.400001 0.201556 0.400780 
110 110 5.100000 -2.375000 3 109 107 114 0.201556 0.400781 0.200000 
111 111 4.075000 -2.375000 3 112 108 113 0.442295 0.200001 0.230489 
112 112 3.775001 -2.050000 5 111 113 119 118 117 0.442295 0.212132 0.425000 0.369121 0.215058 
113 113 3.925000 -2.200000 4 111 108 117 112 0.230489 0.391312 0.425734 0.212132 
114 114 5.300000 -2.375000 2 110 109 0.200000 0.400780 
115 115 3.275001 -2.000000 5 105 116 117 119 118 0.425000 0.215058 0.395285 0.442294 0.215058 
116 116 3.100000 -2.125000 4 105 104 118 115 0.213600 0.427201 0.430116 0.215058 
117 117 3.650001 -1.875000 7 113 112 115 118 120 20 119 0.425734 0.215058 0.395285 0.200001 0.425000 0.302077 0.213600 
118 118 3.450000 -1.875000 7 116 112 115 120 20 117 119 0.430116 0.369121 0.215058 0.375000 0.425736 0.200001 0.235849 
119 119 3.575000 -1.675000 7 112 115 118 117 121 20 120 0.425000 0.442294 0.235849 0.213600 0.416083 0.213601 0.215058 
120 120 3.450000 -1.500000 6 118 117 119 122 20 121 0.375000 0.425000 0.215058 0.425000 0.340037 0.201556 
121 121 3.350000 -1.325000 4 119 120 122 18 0.416083 0.201556 0.223607 0.436606 
122 122 3.250000 -1.125000 4 120 121 18 12 0.425000 0.223607 0.213600 0.436607 
123 123 1.625000 -0.125000 4 8 9 1 3 0.201556 0.400781 0.200000 0.400000 
124 124 0.150001 -0.125000 2 125 126 0.200000 0.400000 
125 125 0.350000 -0.125000 2 124 126 0.200000 0.200000 
126 126 0.550000 -0.125000 3 125 124 2 0.200000 0.400000 0.275000 
127 127 3.425000 0.200000 5 24 25 22 128 131 0.416083 0.201556 0.406970 0.206155 0.412310 
128 128 3.625000 0.250000 4 25 127 130 131 0.403887 0.206155 0.403888 0.206155 
129 129 2.025001 0.575000 4 7 6 92 132 0.460976 0.230488 0.494975 0.230489 
130 130 4.000000 0.400001 4 128 131 32 28 0.403888 0.201557 0.395285 0.215058 
131 131 3.825000 0.300000 4 128 127 28 130 0.206155 0.412310 0.416083 0.201557 
132 132 1.875000 0.750000 3 6 129 92 0.460977 0.230489 0.265754 
133 133 3.450000 2.000000 4 38 138 137 134 0.403113 0.200000 0.400000 0.200001 
134 134 3.650001 2.000000 3 38 133 138 0.206155 0.200001 0.400001 
135 135 1.850000 2.000000 3 85 136 88 0.275001 0.200000 0.400000 
136 136 2.050000 2.000000 3 135 88 90 0.200000 0.200000 0.400000 
137 137 3.050000 2.000000 4 89 87 138 133 0.200000 0.400780 0.200000 0.400000 
138 138 3.250000 2.000000 4 137 89 133 134 0.200000 0.400000 0.200000 0.400001 
139 139 0.975000 2.525001 6 86 84 144 81 79 141 0.430117 0.215058 0.412311 0.395285 0.200000 0.223606 
140 140 4.250000 2.475000 4 37 39 142 143 0.201556 0.406971 0.403888 0.206155 
141 141 0.775001 2.625000 5 84 139 144 81 79 0.425734 0.223606 0.200001 0.425735 0.223607 
142 142 4.400001 2.850000 4 140 143 148 147 0.403888 0.201557 0.425734 0.212132 
143 143 4.300000 2.675000 4 140 37 147 142 0.206155 0.406970 0.410030 0.201557 
144 144 0.575000 2.625000 4 139 141 146 79 0.412311 0.200001 0.226384 0.412311 
145 145 0.150001 2.625000 1 146 0.201556 
146 146 0.350000 2.650001 2 145 144 0.201556 0.226384 
147 147 4.550000 3.000000 5 143 142 149 41 148 0.410030 0.212132 0.375832 0.304138 0.215058 
148 148 4.675000 3.175000 5 142 147 150 149 41 0.425734 0.215058 0.437322 0.223607 0.215058 
149 149 4.575000 3.375000 5 147 148 152 41 150 0.375832 0.223607 0.437321 0.425735 0.215058 
150 150 4.450000 3.550000 4 148 149 152 156 0.437322 0.215058 0.223606 0.419076 
151 151 1.275001 3.400001 4 80 78 153 154 0.201557 0.400001 0.395285 0.200000 
152 152 4.350000 3.750000 4 149 150 156 45 0.437321 0.223606 0.201556 0.403113 
153 153 1.400001 3.775001 4 151 154 155 157 0.395285 0.215058 0.206155 0.419076 
154 154 1.275001 3.600000 4 151 80 155 153 0.200000 0.400781 0.395284 0.215058 
155 155 1.600000 3.825000 4 154 153 70 157 0.395284 0.206155 0.413824 0.213600 
156 156 4.325000 3.950000 3 152 150 45 0.201556 0.419076 0.201557 
157 157 1.800000 3.900001 5 155 153 67 66 70 0.213600 0.419076 0.380788 0.410030 0.201556 
158 158 2.425000 4.450000 4 66 71 160 159 0.424264 0.212132 0.425735 0.212132 
159 159 2.575000 4.600000 5 71 158 57 58 160 0.424264 0.212132 0.378319 0.425735 0.215058 
160 160 2.700000 4.775001 6 158 159 59 161 57 58 0.425735 0.215058 0.416083 0.424263 0.213600 0.212132 
161 161 2.400001 5.075000 4 160 57 54 165 0.424263 0.246221 0.313250 0.237171 
162 162 5.675000 5.050000 3 99 97 164 0.425734 0.212132 0.215058 
163 163 3.450000 5.075000 4 50 49 60 59 0.416083 0.201556 0.201556 0.406970 
164 164 5.850000 5.175000 2 97 162 0.425734 0.215058 
165 165 2.175000 5.150001 4 161 54 63 55 0.237171 0.213600 0.237171 0.427200 
166 166 1.450000 5.300000 1 64 0.301040 
167 167 3.075000 5.725000 5 61 56 52 168 169 0.200000 0.403113 0.206156 0.200000 0.400780 
168 168 3.075000 5.925000 4 167 61 52 169 0.200000 0.400000 0.320157 0.201556 
169 169 3.100000 6.125000 2 168 167 0.201556 0.400780 
