0 WPS 1.843831 -2.021518 1 1 1.420942 
1 WP01 0.467674 -1.667588 4 0 3 30 4 1.420942 1.086982 1.074745 1.026993 
2 WP02 -1.381836 -1.789949 0 
3 SH01 -0.589144 -1.921883 4 1 6 4 30 1.086982 1.109743 1.038972 2.078281 
4 WS02 -0.255164 -0.938054 3 1 30 3 1.026993 1.476952 1.038972 
5 WS03 -1.856727 -0.826907 3 32 9 6 0.824520 1.262174 1.149183 
6 WS01 -1.698047 -1.965082 4 3 8 5 9 1.109743 1.357917 1.149183 1.305201 
7 WP04 -2.635221 -1.937355 3 8 9 10 0.551360 0.516303 1.466434 
8 WP03 -3.000043 -2.350759 4 6 7 10 9 1.357917 0.551360 1.325950 0.847746 
9 WS04 -2.920141 -1.506786 5 5 7 10 8 6 1.262174 0.516303 1.125603 0.847746 1.305201 
10 WP05 -4.045389 -1.535042 4 8 7 9 11 1.325950 1.466434 1.125603 0.988166 
11 WS05 -4.319263 -0.585586 2 10 12 0.988166 0.656738 
12 WP06 -4.241157 0.066491 3 11 13 33 0.656738 0.669331 1.230153 
13 WS06 -4.223527 0.735590 2 12 14 0.669331 1.001417 
14 WP07 -4.351379 1.728812 2 13 15 1.001417 0.385125 
15 WS07 -4.624407 2.000431 2 14 19 0.385125 2.556352 
16 SH027 -2.499708 1.426892 3 17 19 32 0.000000 0.693659 1.531070 
17 SH02 -2.499708 1.426892 2 16 19 0.000000 0.693659 
18 WP11 -2.241201 1.551561 0 
19 PP01 -2.068236 1.970026 5 15 17 16 32 20 2.556352 0.693659 0.693659 1.982898 1.202156 
20 WS08 -0.896019 1.703407 2 19 21 1.202156 0.755870 
21 WS09 -0.886387 0.947598 2 20 22 0.755870 1.814640 
22 WP12 -0.112689 2.589034 4 24 25 21 34 2.068841 2.842320 1.814640 1.260722 
23 WS10 0.731919 1.005338 3 27 24 34 1.251543 1.328820 0.778668 
24 WP13 1.798766 1.797549 5 23 27 25 26 22 1.328820 1.866828 0.896938 0.869609 2.068841 
25 WS11 2.670097 2.010339 4 27 26 24 22 2.389399 0.454480 0.896938 2.842320 
26 CB01 2.634516 1.557253 4 27 25 24 35 1.994055 0.454480 0.869609 0.000000 
27 CB02 1.431074 -0.032710 8 30 29 31 23 24 25 26 35 0.893631 1.354507 1.136201 1.251543 1.866828 2.389399 1.994055 0.875424 
28 WP14 1.431062 -0.032708 0 
29 WS12 2.674452 -0.570018 2 30 27 1.490422 1.354507 
30 WP15 1.221332 -0.901379 5 1 27 29 4 3 1.074745 0.893631 1.490422 1.476952 2.078281 
31 WP10 0.295025 -0.014102 2 27 32 1.136201 2.267570 
32 WP09 -1.972542 -0.010561 5 31 5 33 16 19 2.267570 0.824520 1.044307 1.531070 1.982898 
33 WP08 -3.016223 -0.046713 2 32 12 1.044307 1.230153 
34 34 0.850000 1.775001 3 23 22 35 0.778668 1.260722 2.123972 
35 35 2.275001 0.200000 3 26 34 27 1.404061 2.123972 0.875424 
