0 WS01 2.025001 2.700000 3 1 2 3 0.770147 0.656220 0.390512 
1 1 2.650001 3.150001 3 0 4 3 0.770147 0.730154 0.381609 
2 2 1.825000 2.075000 3 0 36 51 0.656220 0.382427 0.348210 
3 3 2.325000 2.950000 2 0 1 0.390512 0.381609 
4 WP02 3.225000 3.600000 3 5 1 6 0.745821 0.730154 0.391311 
5 5 3.800000 4.075000 3 4 6 9 0.745821 0.375000 0.375832 
6 6 3.575000 3.775001 3 4 5 9 0.391311 0.375000 0.682367 
7 CB02 4.650001 4.475000 2 8 9 0.700446 0.605186 
8 WS02 5.225000 4.075000 3 7 10 55 0.700446 0.381609 0.347311 
9 9 4.175000 4.100000 4 7 5 6 54 0.605186 0.375832 0.682367 0.469707 
10 10 5.550000 4.275001 2 8 24 0.381609 0.715891 
11 WP03 4.300000 2.850000 3 12 13 52 0.840387 0.403113 0.371651 
12 WP04 3.575000 2.425000 2 11 13 0.840387 0.437322 
13 13 3.950000 2.650001 2 11 12 0.403113 0.437322 
14 CB01 0.725000 2.075000 3 15 16 17 0.813941 0.378319 0.425735 
15 WP01 0.175000 1.475000 3 14 17 50 0.813941 0.388908 0.406971 
16 16 1.100000 2.125000 2 14 51 0.378319 0.406970 
17 17 0.450000 1.750000 2 14 15 0.425735 0.388908 
18 18 0.275001 0.775001 3 21 22 50 0.469707 0.382427 0.347311 
19 WPS 1.075000 0.950000 4 20 21 22 23 0.763218 0.848527 0.493076 0.391312 
20 20 1.725000 1.350000 3 19 23 36 0.763218 0.375000 0.391311 
21 21 0.475000 0.350000 5 19 31 30 18 22 0.848527 0.691466 0.388104 0.469707 0.391311 
22 22 0.650001 0.700000 3 19 21 18 0.493076 0.391311 0.382427 
23 23 1.425000 1.125000 3 19 36 20 0.391312 0.745822 0.375000 
24 WPE 6.200001 4.575000 2 10 25 0.715891 0.378319 
25 25 6.575001 4.625000 2 24 41 0.378319 0.460976 
26 26 0.850000 -1.375000 1 27 0.403113 
27 27 0.500000 -1.175000 3 26 28 29 0.403113 0.388909 0.765261 
28 28 0.225000 -0.900000 2 27 29 0.388909 0.381608 
29 29 0.025001 -0.575000 5 28 27 30 31 32 0.381608 0.765261 0.651920 0.400000 0.480234 
30 30 0.375000 -0.025000 3 29 31 21 0.651920 0.380788 0.388104 
31 31 0.025001 -0.175000 4 29 32 21 30 0.400000 0.388104 0.691466 0.380788 
32 32 -0.349999 -0.275000 3 29 31 33 0.480234 0.388104 0.388104 
33 33 -0.724999 -0.175000 2 32 35 0.388104 0.579872 
34 34 -1.675000 -0.224999 1 35 0.395285 
35 35 -1.300000 -0.099999 2 34 33 0.395285 0.579872 
36 36 1.900001 1.700000 3 23 20 2 0.745822 0.391311 0.382427 
37 37 7.850000 3.200000 1 38 0.406970 
38 38 7.550001 3.475000 2 37 39 0.406970 0.395285 
39 39 7.425001 3.850000 2 38 40 0.395285 0.395285 
40 40 7.200001 4.175000 2 39 41 0.395285 0.391313 
41 41 7.025000 4.525001 3 40 25 42 0.391313 0.460976 0.391312 
42 42 7.200001 4.875000 3 41 43 44 0.391312 0.778620 0.390513 
43 43 7.725000 5.450000 4 42 44 45 47 0.778620 0.388908 0.375000 0.765262 
44 44 7.450001 5.175000 3 42 45 43 0.390513 0.761987 0.388908 
45 45 8.025000 5.675000 4 44 43 46 47 0.761987 0.375000 0.474999 0.390513 
46 46 8.025000 6.150000 4 45 47 49 48 0.474999 0.375001 0.778621 0.388910 
47 47 8.325001 5.925000 4 45 43 48 46 0.390513 0.765262 0.761989 0.375001 
48 48 7.750000 6.425001 3 47 46 49 0.761989 0.388910 0.390512 
49 49 7.450001 6.675001 2 46 48 0.778621 0.390512 
50 50 0.100000 1.075000 2 18 15 0.347311 0.406971 
51 51 1.500000 2.200000 2 16 2 0.406970 0.348210 
52 52 4.550000 3.125000 2 53 11 0.419077 0.371651 
53 53 4.675000 3.525001 3 52 54 55 0.419077 0.382426 0.450694 
54 54 4.600000 3.900001 2 53 9 0.382426 0.469707 
55 55 4.925000 3.900001 2 8 53 0.347311 0.450694 
